-0.243697 0.170726 1.951928 0.948742 -0.009130 0.138290 -0.284045 0.500000 0.560000
-0.259663 0.170137 1.972271 0.948785 -0.000758 0.140790 -0.282814 0.520000 0.580000
-0.248396 0.168549 1.970971 0.951718 0.011765 0.117989 -0.283149 0.500000 0.580000
-0.223701 0.168457 1.974162 0.951776 0.005187 0.116029 -0.283958 0.480000 0.580000
-0.218350 0.163333 1.960048 0.951790 0.000732 0.114699 -0.284498 0.480000 0.560000
-0.166123 0.178591 2.003450 0.957362 0.002424 -0.038202 -0.286344 0.460000 0.580000
-0.161048 0.165557 2.012046 0.956982 0.021011 -0.047173 -0.285516 0.430000 0.560000
-0.169290 0.167419 2.009374 0.956777 0.028864 -0.044828 -0.285894 0.440000 0.580000
-0.163746 0.170366 2.014453 0.956527 0.036224 -0.042627 -0.286230 0.440000 0.580000
-0.159455 0.167401 2.009562 0.956792 0.028357 -0.044979 -0.285870 0.420000 0.580000
-0.154991 0.170347 2.012611 0.956797 0.028177 -0.045033 -0.285861 0.420000 0.580000
-0.143263 0.165305 2.022278 0.954078 0.045160 -0.088554 -0.282584 0.420000 0.580000
-0.151754 0.166529 2.026691 0.954723 0.028443 -0.093490 -0.280989 0.440000 0.580000
-0.141044 0.164440 2.018397 0.954330 0.039485 -0.090233 -0.282052 0.420000 0.580000
-0.149891 0.157511 2.023214 0.954757 0.027288 -0.093829 -0.280876 0.440000 0.560000
-0.142551 0.157387 2.014660 0.954035 0.046068 -0.088285 -0.282668 0.420000 0.560000
-0.166101 0.164968 2.016523 0.953322 0.043800 -0.086460 -0.285978 0.440000 0.580000
-0.163229 0.159889 2.013182 0.953276 0.044802 -0.086160 -0.286068 0.440000 0.580000
-0.149096 0.166875 2.011515 0.953492 0.039920 -0.087623 -0.285623 0.420000 0.580000
-0.162095 0.167356 2.013465 0.952294 0.033707 -0.101583 -0.285798 0.440000 0.580000
-0.158165 0.156211 2.018823 0.947028 0.050676 -0.140154 -0.284476 0.440000 0.560000
-0.153189 0.170395 2.024282 0.947183 0.047703 -0.141046 -0.284034 0.420000 0.580000
-0.152941 0.167242 2.024519 0.946888 0.053226 -0.139387 -0.284852 0.420000 0.580000
-0.168878 0.147863 2.001645 0.940039 0.086436 -0.163562 -0.286537 0.420000 0.580000
-0.159646 0.152675 2.019654 0.940873 0.076830 -0.166480 -0.284851 0.420000 0.580000
-0.154066 0.153374 2.013387 0.940938 0.076031 -0.166722 -0.284710 0.420000 0.580000
-0.137530 0.162325 2.024441 0.942454 0.054088 -0.173310 -0.280748 0.420000 0.580000
-0.155562 0.155571 2.022415 0.938718 0.064332 -0.191109 -0.279549 0.440000 0.560000
-0.139775 0.160716 2.007482 0.939517 0.051360 -0.194952 -0.276883 0.420000 0.560000
-0.141659 0.173661 2.028035 0.939402 0.053412 -0.194347 -0.277308 0.420000 0.580000
-0.134825 0.169126 1.993088 0.939834 0.045188 -0.196767 -0.275597 0.420000 0.560000
-0.137211 0.158525 2.015082 0.935657 0.067154 -0.214463 -0.272106 0.420000 0.560000
-0.137285 0.167183 2.011044 0.936132 0.060168 -0.216488 -0.270497 0.420000 0.560000
-0.154248 0.160789 2.023169 0.935441 0.070098 -0.213606 -0.272779 0.440000 0.580000
-0.147628 0.161180 2.013102 0.935062 0.074987 -0.212177 -0.273892 0.420000 0.560000
-0.139672 0.167935 2.021737 0.925885 0.078116 -0.248581 -0.273573 0.420000 0.580000
-0.157120 0.138547 2.013585 0.923692 0.100791 -0.241799 -0.279584 0.420000 0.560000
-0.151567 0.153086 2.025400 0.925302 0.084748 -0.246614 -0.275347 0.440000 0.560000
-0.128910 0.171503 2.013223 0.926637 0.068620 -0.251372 -0.271010 0.420000 0.580000
-0.154239 0.150982 2.024413 0.925494 0.082621 -0.247247 -0.274779 0.440000 0.560000
-0.153922 0.147679 2.023604 0.919858 0.092607 -0.263543 -0.275373 0.440000 0.560000
-0.141161 0.149357 2.020945 0.920190 0.089250 -0.264546 -0.274410 0.420000 0.560000
-0.151738 0.153536 2.027773 0.919621 0.094933 -0.262846 -0.276039 0.440000 0.580000
-0.132813 0.163140 2.015647 0.917431 0.081837 -0.281629 -0.268903 0.420000 0.580000
-0.135313 0.172716 2.045074 0.918252 0.072034 -0.284485 -0.265880 0.440000 0.580000
-0.138319 0.159364 2.022581 0.917998 0.075203 -0.283565 -0.266861 0.440000 0.560000
-0.139701 0.162964 2.028995 0.917729 0.078415 -0.282630 -0.267851 0.440000 0.580000
-0.143000 0.167587 2.031395 0.917588 0.080052 -0.282152 -0.268355 0.440000 0.580000
-0.140807 0.161821 2.036117 0.909930 0.088619 -0.304693 -0.267089 0.440000 0.580000
-0.134968 0.153597 2.015877 0.909121 0.096562 -0.302349 -0.269740 0.420000 0.560000
-0.148410 0.148095 2.027979 0.907129 0.113765 -0.297185 -0.275418 0.420000 0.580000
-0.137075 0.154901 2.024327 0.903556 0.095797 -0.323099 -0.264605 0.420000 0.560000
-0.132844 0.173764 2.030936 0.904735 0.083940 -0.326541 -0.260346 0.440000 0.580000
-0.138628 0.155456 2.031921 0.903838 0.093105 -0.323886 -0.263642 0.440000 0.560000
-0.140454 0.153955 2.019240 0.902029 0.109245 -0.319122 -0.269389 0.420000 0.580000
-0.149599 0.147722 2.024681 0.891443 0.127982 -0.339647 -0.271276 0.420000 0.580000
-0.139022 0.150665 2.019291 0.894023 0.108497 -0.345486 -0.263799 0.420000 0.560000
-0.142543 0.145240 2.023253 0.894389 0.105443 -0.346385 -0.262617 0.440000 0.560000
-0.143418 0.148718 2.024617 0.894810 0.101810 -0.347449 -0.261209 0.440000 0.560000
-0.141409 0.148517 2.037608 0.885764 0.126931 -0.357497 -0.267407 0.420000 0.580000
-0.138364 0.151016 2.030974 0.887695 0.112636 -0.361761 -0.261609 0.440000 0.560000
-0.140620 0.157592 2.028964 0.887925 0.110812 -0.362298 -0.260865 0.440000 0.580000
-0.140439 0.152985 2.029502 0.888399 0.106940 -0.363432 -0.259283 0.440000 0.580000
-0.136192 0.157096 2.028714 0.881241 0.102584 -0.387084 -0.251110 0.440000 0.560000
-0.136948 0.145599 2.029058 0.879365 0.117589 -0.382748 -0.257671 0.420000 0.560000
-0.129813 0.160891 2.023086 0.881761 0.098018 -0.388379 -0.249102 0.440000 0.560000
-0.134947 0.145169 1.991068 0.880605 0.107907 -0.385560 -0.253444 0.440000 0.560000
-0.136939 0.153665 2.029025 0.877822 0.128602 -0.379488 -0.262448 0.420000 0.580000
-0.152563 0.134840 2.060848 0.867804 0.141620 -0.396515 -0.263887 0.440000 0.570000
-0.136361 0.148106 2.038242 0.871079 0.119840 -0.403000 -0.253873 0.440000 0.560000
-0.131075 0.144579 2.016631 0.864393 0.120390 -0.419485 -0.249726 0.440000 0.560000
-0.138393 0.145193 2.028184 0.862494 0.133316 -0.415700 -0.255978 0.440000 0.580000
-0.151150 0.123847 2.037805 0.860475 0.145780 -0.411954 -0.261965 0.440000 0.560000
-0.145479 0.131964 2.026234 0.862465 0.133500 -0.415646 -0.256067 0.440000 0.560000
-0.131348 0.161006 2.059208 0.856916 0.119051 -0.438286 -0.243775 0.440000 0.580000
-0.147744 0.131838 2.043297 0.851419 0.153510 -0.428099 -0.261251 0.440000 0.580000
-0.141630 0.136403 2.025715 0.852056 0.149930 -0.429194 -0.259449 0.440000 0.580000
-0.137685 0.137408 2.021656 0.852954 0.144734 -0.430767 -0.256829 0.440000 0.560000
-0.131631 0.147019 2.011044 0.849420 0.127380 -0.451271 -0.242103 0.440000 0.560000
-0.134457 0.160357 2.024139 0.879778 0.112373 -0.384028 -0.256680 0.440000 0.580000
-0.130379 0.159947 2.029988 0.880699 0.104910 -0.386191 -0.253415 0.440000 0.560000
-0.146378 0.153445 2.032088 0.904790 0.102123 -0.314712 -0.268108 0.440000 0.580000
-0.140713 0.149667 2.022023 0.905420 0.096376 -0.316408 -0.266104 0.440000 0.560000
-0.147548 0.138963 2.012063 0.916591 0.111099 -0.267649 -0.275466 0.420000 0.560000
-0.141312 0.165840 2.033391 0.919295 0.085904 -0.275108 -0.268017 0.420000 0.580000
-0.137900 0.155051 2.009433 0.919905 0.079102 -0.277083 -0.265975 0.420000 0.560000
-0.152158 0.141559 2.018943 0.917358 0.104580 -0.269601 -0.273556 0.440000 0.560000
-0.144058 0.166541 2.028677 0.928317 0.069640 -0.242702 -0.272899 0.440000 0.580000
-0.157934 0.138845 2.009139 0.925627 0.099175 -0.233886 -0.280491 0.420000 0.560000
-0.148567 0.148702 2.003821 0.926224 0.093443 -0.235618 -0.279038 0.420000 0.560000
-0.147572 0.162101 2.029369 0.927991 0.073860 -0.241459 -0.274000 0.440000 0.580000
-0.151401 0.154821 2.027838 0.925589 0.099530 -0.233779 -0.280581 0.420000 0.580000
-0.149705 0.163160 2.017392 0.932537 0.070398 -0.222122 -0.275826 0.440000 0.580000
-0.142268 0.165755 2.015703 0.932237 0.074275 -0.220973 -0.276747 0.420000 0.580000
-0.154447 0.144066 2.016997 0.931743 0.080226 -0.219202 -0.278152 0.440000 0.560000
-0.157424 0.152601 2.025397 0.930972 0.088728 -0.216654 -0.280142 0.440000 0.580000
-0.147337 0.162861 2.016848 0.939144 0.064091 -0.187248 -0.280784 0.420000 0.580000
-0.141517 0.171007 2.045376 0.939329 0.061316 -0.188077 -0.280230 0.420000 0.580000
-0.134834 0.167304 2.016223 0.940188 0.046313 -0.192527 -0.277191 0.420000 0.560000
-0.146669 0.158470 2.017032 0.939833 0.053038 -0.190539 -0.278562 0.440000 0.560000
-0.140221 0.167865 2.023687 0.942445 0.053636 -0.173734 -0.280600 0.420000 0.580000
-0.149729 0.158434 2.015882 0.942655 0.049820 -0.174868 -0.279894 0.440000 0.560000
-0.157731 0.155535 2.017588 0.941247 0.071656 -0.168333 -0.283872 0.420000 0.580000
-0.156942 0.159090 2.019614 0.941463 0.068752 -0.169208 -0.283352 0.440000 0.580000
-0.162152 0.155870 2.018370 0.944681 0.059215 -0.155617 -0.282586 0.440000 0.560000
-0.148767 0.158738 2.008609 0.945468 0.044923 -0.159872 -0.280201 0.440000 0.560000
-0.147758 0.168283 2.037760 0.945366 0.047026 -0.159248 -0.280556 0.440000 0.580000
-0.143834 0.179196 2.026645 0.945852 0.035955 -0.162522 -0.278672 0.440000 0.580000
-0.153096 0.168543 2.019244 0.949517 0.042973 -0.125162 -0.284439 0.430000 0.570000
-0.147917 0.171851 2.021353 0.949913 0.033084 -0.128117 -0.283120 0.440000 0.580000
-0.154011 0.156228 2.009145 0.949077 0.051778 -0.122519 -0.285588 0.420000 0.560000
-0.144092 0.176897 2.020532 0.950120 0.026459 -0.130088 -0.282220 0.440000 0.580000
-0.146087 0.169734 2.018931 0.950053 0.028781 -0.129398 -0.282537 0.440000 0.580000
-0.150153 0.164697 2.013819 0.954499 0.029709 -0.080260 -0.285670 0.420000 0.560000
-0.156885 0.150762 2.011472 0.953798 0.047113 -0.075037 -0.287086 0.420000 0.560000
-0.173336 0.159740 2.004294 0.954508 0.047915 -0.063345 -0.287411 0.440000 0.580000
-0.179784 0.150875 2.006792 0.954374 0.050520 -0.062561 -0.287583 0.440000 0.560000
-0.161279 0.161663 2.012830 0.954542 0.047235 -0.063550 -0.287366 0.420000 0.580000
-0.167335 0.171419 2.005490 0.957126 0.021384 -0.032523 -0.287044 0.440000 0.580000
-0.173495 0.159910 2.005462 0.956911 0.029473 -0.030096 -0.287309 0.440000 0.560000
-0.174006 0.159792 2.005054 0.957027 0.025451 -0.031303 -0.287180 0.440000 0.560000
-0.191759 0.165592 1.997291 0.957810 0.013661 0.013657 -0.286752 0.460000 0.560000
-0.194326 0.177533 2.009186 0.957865 0.009005 0.012263 -0.286815 0.460000 0.580000
-0.205143 0.160907 1.994989 0.957574 0.025253 0.017126 -0.286566 0.460000 0.560000
-0.209875 0.173103 2.004179 0.957806 0.013932 0.013738 -0.286748 0.480000 0.580000
-0.180945 0.176944 2.008755 0.957076 -0.006260 0.021882 -0.288940 0.460000 0.580000
-0.194711 0.174674 1.988304 0.956857 -0.012449 0.048706 -0.286177 0.480000 0.560000
-0.207061 0.165070 1.993143 0.956513 0.022475 0.053297 -0.285898 0.460000 0.580000
-0.172006 0.181800 2.004826 0.956673 -0.014085 0.042336 -0.287726 0.460000 0.580000
-0.202098 0.165667 1.997276 0.956569 0.019924 0.052535 -0.286039 0.460000 0.580000
-0.167639 0.177167 2.003083 0.956451 -0.024980 0.039056 -0.288189 0.460000 0.560000
-0.186821 0.166903 1.999107 0.956746 0.007661 0.048864 -0.286689 0.460000 0.560000
-0.191754 0.175911 1.989113 0.956209 -0.018594 0.056835 -0.286509 0.460000 0.560000
-0.205157 0.169024 1.997195 0.956276 0.014797 0.066802 -0.284351 0.460000 0.580000
-0.187123 0.174204 1.993700 0.956257 -0.015980 0.057618 -0.286353 0.460000 0.560000
-0.181396 0.174906 1.991707 0.956206 -0.018744 0.056790 -0.286518 0.460000 0.560000
-0.207386 0.171672 1.993948 0.956307 0.012595 0.066147 -0.284504 0.460000 0.580000
-0.198753 0.177226 2.005029 0.955231 -0.000468 0.071029 -0.287208 0.460000 0.580000
-0.183194 0.174963 2.001560 0.954899 -0.025181 0.063574 -0.288950 0.460000 0.560000
-0.197201 0.179757 1.997151 0.954995 -0.021246 0.064765 -0.288686 0.480000 0.580000
-0.186589 0.184535 1.999264 0.955125 -0.014226 0.066885 -0.288202 0.460000 0.580000
-0.196009 0.183299 1.999367 0.955028 -0.019704 0.065231 -0.288581 0.480000 0.580000
-0.220864 0.175089 1.994102 0.953474 0.000448 0.100404 -0.284264 0.480000 0.580000
-0.207304 0.175115 1.993010 0.953275 -0.019499 0.094435 -0.286302 0.480000 0.560000
-0.224793 0.173794 1.976924 0.953284 -0.019042 0.094572 -0.286257 0.500000 0.560000
-0.228963 0.172723 1.979585 0.953473 -0.001266 0.099892 -0.284444 0.500000 0.560000
-0.213311 0.176641 1.987545 0.951479 -0.026375 0.112298 -0.285274 0.480000 0.560000
-0.230176 0.164229 1.979688 0.951828 -0.005534 0.118517 -0.282747 0.480000 0.560000
-0.219430 0.166661 1.974374 0.951801 -0.009106 0.117456 -0.283189 0.480000 0.560000
-0.232337 0.174030 1.981663 0.951800 -0.009175 0.117435 -0.283198 0.500000 0.560000
-0.215038 0.178893 1.983802 0.951524 -0.024697 0.112801 -0.285076 0.480000 0.560000
-0.253833 0.189436 1.963843 0.950379 -0.017784 0.130589 -0.281799 0.520000 0.580000
-0.263138 0.184789 1.972229 0.950326 -0.020390 0.129816 -0.282156 0.540000 0.560000
-0.270606 0.179509 1.966600 0.950532 -0.005059 0.134350 -0.280025 0.540000 0.580000
-0.250158 0.190120 1.976228 0.949707 -0.039909 0.123992 -0.284763 0.540000 0.560000
-0.294321 0.170423 1.949282 0.948210 0.007062 0.154504 -0.277445 0.540000 0.580000
-0.256439 0.192326 1.961092 0.947617 -0.034277 0.142264 -0.283916 0.520000 0.580000
-0.278303 0.180203 1.955065 0.948164 -0.011764 0.148966 -0.280458 0.540000 0.580000
-0.256276 0.171294 1.972225 0.951163 -0.006099 0.123090 -0.283022 0.520000 0.560000
-0.219221 0.184163 1.975907 0.950691 -0.030564 0.115769 -0.286095 0.500000 0.580000
-0.232007 0.186963 1.983320 0.950897 -0.023290 0.117954 -0.285201 0.500000 0.570000
-0.202902 0.180121 2.001796 0.955163 -0.002515 0.070744 -0.287492 0.480000 0.580000
-0.207497 0.180685 1.994511 0.955121 -0.009373 0.068678 -0.287993 0.480000 0.580000
-0.203395 0.180206 2.000803 0.955157 -0.004215 0.070232 -0.287618 0.480000 0.580000
-0.187669 0.180994 1.997394 0.954566 -0.033862 0.061271 -0.289659 0.480000 0.560000
-0.201797 0.185136 2.006751 0.954901 -0.022547 0.064699 -0.288913 0.480000 0.580000
-0.165389 0.168320 2.002220 0.957452 -0.015773 0.012209 -0.287902 0.460000 0.560000
-0.170176 0.173625 2.011991 0.957505 -0.012109 0.013311 -0.287853 0.460000 0.560000
-0.181893 0.167287 2.000541 0.957578 -0.002882 0.016084 -0.287712 0.460000 0.560000
-0.188968 0.164257 1.997105 0.957188 0.027471 0.025195 -0.287057 0.440000 0.580000
-0.154392 0.176666 2.008541 0.957339 -0.003039 -0.036072 -0.286691 0.440000 0.560000
-0.155087 0.179288 2.019416 0.957305 0.008579 -0.032590 -0.287107 0.440000 0.580000
-0.187142 0.167474 2.029507 0.956773 0.033043 -0.025241 -0.287846 0.460000 0.590000
-0.157112 0.165009 2.007764 0.957289 0.010231 -0.032094 -0.287163 0.440000 0.560000
-0.159474 0.171904 2.002476 0.957331 0.004917 -0.033688 -0.286981 0.440000 0.560000
-0.147818 0.159049 2.008998 0.954000 0.028176 -0.085542 -0.285960 0.420000 0.560000
-0.141661 0.168680 2.016519 0.954029 0.027159 -0.085847 -0.285869 0.420000 0.580000
-0.146943 0.173956 2.019342 0.954181 0.021154 -0.087644 -0.285323 0.440000 0.580000
-0.143092 0.168215 2.019478 0.954269 0.016736 -0.088965 -0.284914 0.440000 0.560000
-0.157824 0.165707 2.024304 0.948811 0.044750 -0.133221 -0.282855 0.440000 0.580000
-0.130775 0.173465 2.011508 0.949271 0.033622 -0.136529 -0.281274 0.420000 0.580000
-0.146375 0.167535 2.011064 0.948850 0.043918 -0.133469 -0.282739 0.420000 0.580000
-0.162041 0.154214 2.014144 0.944013 0.073884 -0.142170 -0.288389 0.420000 0.580000
-0.167445 0.158347 2.012978 0.944821 0.062707 -0.145573 -0.286686 0.440000 0.580000
-0.149347 0.171901 2.017526 0.946105 0.038787 -0.152778 -0.282912 0.440000 0.580000
-0.151090 0.164499 2.013229 0.946255 0.034932 -0.153930 -0.282287 0.440000 0.560000
-0.147831 0.158390 2.041914 0.937798 0.060091 -0.198830 -0.278192 0.440000 0.580000
-0.148034 0.161401 2.023494 0.937655 0.062278 -0.198180 -0.278655 0.420000 0.580000
-0.149239 0.159865 2.024534 0.937396 0.066062 -0.197054 -0.279452 0.440000 0.580000
-0.140196 0.164433 2.017864 0.937872 0.058922 -0.199176 -0.277944 0.420000 0.580000
-0.152242 0.143218 2.014743 0.926823 0.098849 -0.227840 -0.281633 0.420000 0.560000
-0.133668 0.160386 2.021338 0.929252 0.072546 -0.235729 -0.275063 0.420000 0.560000
-0.155164 0.143981 2.013257 0.927442 0.092864 -0.229653 -0.280156 0.420000 0.560000
-0.137509 0.156566 2.012881 0.929330 0.071539 -0.236027 -0.274808 0.420000 0.560000
-0.148461 0.148857 2.011401 0.928150 0.085498 -0.231870 -0.278324 0.420000 0.560000
-0.130761 0.165695 2.029469 0.912469 0.083389 -0.299188 -0.266332 0.420000 0.580000
-0.145681 0.147721 2.024962 0.912072 0.087632 -0.297946 -0.267720 0.440000 0.560000
-0.138635 0.159078 2.030606 0.901565 0.100152 -0.326297 -0.265859 0.420000 0.580000
-0.144926 0.140610 2.034472 0.899279 0.118940 -0.320679 -0.272609 0.420000 0.560000
-0.138701 0.158447 2.022207 0.900784 0.106944 -0.324284 -0.268311 0.420000 0.580000
-0.147775 0.144988 2.032677 0.898820 0.122360 -0.319639 -0.273827 0.420000 0.580000
-0.159749 0.124515 2.054326 0.877208 0.145375 -0.368324 -0.271497 0.440000 0.580000
-0.138984 0.157957 2.034331 0.881614 0.115685 -0.377277 -0.258911 0.440000 0.580000
-0.128595 0.154403 2.004209 0.882626 0.107698 -0.379606 -0.255484 0.420000 0.560000
-0.141391 0.146762 2.029564 0.878861 0.135019 -0.371500 -0.267134 0.420000 0.580000
-0.152682 0.122298 2.043318 0.856696 0.153604 -0.415517 -0.264241 0.440000 0.560000
-0.139309 0.144706 2.029955 0.857860 0.146963 -0.417551 -0.261014 0.420000 0.580000
-0.138738 0.136642 2.013524 0.861001 0.127278 -0.423420 -0.251383 0.440000 0.560000
-0.146137 0.138876 2.042108 0.861179 0.126071 -0.423772 -0.250789 0.460000 0.560000
-0.145483 0.135934 2.031359 0.858637 0.147617 -0.415326 -0.261642 0.440000 0.580000
-0.149320 0.136251 2.035507 0.858910 0.146018 -0.415813 -0.260868 0.440000 0.580000
-0.131372 0.167172 2.046854 0.881338 0.109360 -0.382455 -0.254974 0.420000 0.580000
-0.143878 0.140745 2.028711 0.876726 0.141658 -0.372832 -0.268850 0.420000 0.580000
-0.145891 0.137881 2.028703 0.876225 0.144729 -0.371887 -0.270155 0.420000 0.580000
-0.142575 0.160689 2.035419 0.894643 0.104569 -0.345764 -0.262921 0.440000 0.580000
-0.154911 0.135026 2.031312 0.890192 0.137400 -0.335861 -0.275459 0.420000 0.580000
-0.150632 0.151476 2.042334 0.893505 0.113880 -0.343007 -0.266507 0.440000 0.580000
-0.142853 0.138344 2.019701 0.893136 0.116744 -0.342151 -0.267605 0.420000 0.560000
-0.143051 0.149013 2.018883 0.906566 0.100922 -0.309345 -0.268810 0.420000 0.560000
-0.145363 0.150808 2.027774 0.905201 0.112510 -0.305881 -0.272745 0.420000 0.580000
-0.139547 0.165395 2.016716 0.915800 0.084557 -0.286008 -0.268998 0.420000 0.580000
-0.143910 0.151069 2.027922 0.913427 0.107193 -0.279264 -0.275993 0.420000 0.580000
-0.158706 0.134582 2.020004 0.912759 0.112744 -0.277581 -0.277686 0.440000 0.560000
-0.154565 0.141564 2.025185 0.914305 0.099428 -0.281599 -0.273610 0.440000 0.560000
-0.145922 0.157533 2.023625 0.915415 0.088624 -0.284810 -0.270266 0.440000 0.580000
-0.154659 0.154050 2.025635 0.928804 0.088217 -0.223890 -0.281807 0.440000 0.580000
-0.132732 0.174172 2.025833 0.930770 0.064230 -0.231084 -0.275938 0.420000 0.580000
-0.130526 0.175261 2.022714 0.930872 0.062739 -0.231526 -0.275567 0.420000 0.580000
-0.140411 0.160348 2.014548 0.937937 0.066959 -0.196816 -0.277588 0.420000 0.560000
-0.142538 0.165813 2.011997 0.937789 0.068998 -0.196212 -0.278015 0.420000 0.580000
-0.146239 0.165094 2.008358 0.938191 0.063299 -0.197897 -0.276817 0.420000 0.580000
-0.153532 0.163521 2.025681 0.938315 0.061429 -0.198449 -0.276422 0.440000 0.580000
-0.169068 0.161799 1.995518 0.948719 0.059874 -0.123299 -0.284861 0.440000 0.560000
-0.154670 0.173329 1.996841 0.950086 0.031447 -0.131771 -0.281042 0.440000 0.560000
-0.156742 0.176823 1.998100 0.949696 0.041585 -0.128764 -0.282432 0.420000 0.580000
-0.155852 0.157878 2.005256 0.950607 0.042721 -0.123234 -0.281662 0.440000 0.560000
-0.167943 0.150488 2.009560 0.951716 0.063765 -0.086926 -0.287427 0.420000 0.580000
-0.164398 0.147363 2.005991 0.955014 0.054854 -0.065217 -0.284054 0.420000 0.560000
-0.166394 0.148311 2.005742 0.955276 0.050090 -0.066632 -0.283725 0.420000 0.560000
-0.157981 0.166108 2.014522 0.955654 0.042257 -0.068956 -0.283169 0.420000 0.580000
-0.156188 0.161739 2.021275 0.955575 0.044018 -0.068434 -0.283296 0.420000 0.580000
-0.180683 0.146207 2.005678 0.954085 0.069151 -0.060955 -0.284998 0.420000 0.580000
-0.166469 0.166564 2.013602 0.957047 0.016300 -0.034229 -0.287442 0.440000 0.580000
-0.171615 0.159705 1.998885 0.956856 0.025136 -0.031573 -0.287746 0.440000 0.560000
-0.173732 0.170365 2.016627 0.956842 0.025649 -0.031419 -0.287763 0.440000 0.580000
-0.171845 0.159672 2.008016 0.956764 0.028440 -0.030579 -0.287853 0.440000 0.560000
-0.178781 0.177903 2.017064 0.958072 0.006733 -0.000712 -0.286447 0.460000 0.580000
-0.146308 0.180762 2.015059 0.957961 -0.016078 -0.007531 -0.286349 0.440000 0.560000
-0.172867 0.174518 2.006253 0.956980 -0.012680 0.030986 -0.288216 0.460000 0.560000
-0.181166 0.175749 2.005089 0.957039 -0.006877 0.032733 -0.288023 0.460000 0.580000
-0.193587 0.167435 2.009199 0.956968 0.013566 0.038878 -0.287258 0.460000 0.580000
-0.204528 0.167712 1.999675 0.956616 -0.000461 0.050777 -0.286892 0.480000 0.560000
-0.176208 0.168940 1.998524 0.956610 0.003467 0.051954 -0.286681 0.440000 0.560000
-0.184853 0.167697 2.004099 0.956607 -0.004148 0.049671 -0.287085 0.460000 0.560000
-0.190142 0.177939 2.008321 0.953926 -0.027628 0.078780 -0.288192 0.480000 0.560000
-0.184275 0.178224 1.998285 0.953891 -0.028814 0.078422 -0.288290 0.460000 0.560000
-0.193527 0.191237 2.006717 0.953874 -0.029375 0.078252 -0.288336 0.480000 0.580000
-0.202862 0.173018 1.993627 0.954323 -0.002761 0.086263 -0.286041 0.460000 0.580000
-0.232695 0.168484 1.982886 0.952003 0.008629 0.116440 -0.282945 0.480000 0.580000
-0.214019 0.175099 1.964575 0.951727 -0.024501 0.106524 -0.286825 0.480000 0.560000
-0.228844 0.182439 1.980787 0.951763 -0.023046 0.106963 -0.286662 0.500000 0.580000
-0.225406 0.184439 1.982468 0.949954 -0.022626 0.128358 -0.283899 0.500000 0.580000
-0.234501 0.191873 2.007640 0.950077 -0.016716 0.130121 -0.283095 0.500000 0.600000
-0.227329 0.201236 1.994861 0.949102 -0.046159 0.121283 -0.286993 0.520000 0.580000
-0.239070 0.180329 1.973714 0.950000 -0.020645 0.128950 -0.283631 0.520000 0.560000
-0.217260 0.192115 1.993058 0.951490 -0.032290 0.108161 -0.286225 0.500000 0.580000
-0.220359 0.172171 1.982928 0.951864 -0.018220 0.112380 -0.284595 0.480000 0.560000
-0.213696 0.172260 1.996284 0.951747 -0.023523 0.110793 -0.285217 0.480000 0.560000
-0.212556 0.171920 1.984941 0.951860 -0.018394 0.112328 -0.284615 0.480000 0.560000
-0.215041 0.174325 1.987217 0.951925 -0.014691 0.113435 -0.284176 0.480000 0.560000
-0.211303 0.160324 1.982706 0.955027 0.012667 0.078707 -0.285602 0.460000 0.560000
-0.185561 0.186173 2.000715 0.954354 -0.038012 0.063446 -0.289375 0.480000 0.560000
-0.186771 0.171038 2.000537 0.955028 -0.012595 0.071126 -0.287584 0.460000 0.560000
-0.201149 0.165379 1.988905 0.955109 0.001644 0.075405 -0.286492 0.460000 0.560000
-0.174521 0.169413 2.000779 0.957126 -0.007076 0.037736 -0.287117 0.440000 0.560000
-0.202473 0.165265 2.019127 0.956976 0.018359 0.045352 -0.286013 0.460000 0.580000
-0.194773 0.168017 1.994036 0.957097 0.010261 0.042930 -0.286387 0.460000 0.580000
-0.175018 0.168045 2.000952 0.957117 0.008164 0.042303 -0.286480 0.440000 0.580000
-0.174780 0.162936 1.994557 0.957141 0.004620 0.041242 -0.286635 0.440000 0.560000
-0.174361 0.166130 1.994994 0.957243 0.002491 0.021649 -0.288463 0.440000 0.560000
-0.179827 0.173939 2.005011 0.957233 -0.005072 0.019369 -0.288625 0.460000 0.580000
-0.166948 0.165147 1.999216 0.957239 -0.003775 0.019760 -0.288599 0.440000 0.560000
-0.160637 0.174453 2.016289 0.957525 0.002590 -0.028193 -0.286956 0.440000 0.580000
-0.145914 0.171385 2.020098 0.957516 -0.004990 -0.030464 -0.286724 0.430000 0.560000
-0.158247 0.167060 2.016678 0.951836 0.041848 -0.107535 -0.284065 0.440000 0.580000
-0.172573 0.155498 2.018025 0.950651 0.063293 -0.101104 -0.286417 0.440000 0.580000
-0.164585 0.162075 2.012237 0.951188 0.054625 -0.103711 -0.285483 0.430000 0.580000
-0.148197 0.168557 2.016000 0.952303 0.029362 -0.111251 -0.282630 0.440000 0.580000
-0.138015 0.159866 2.013424 0.938465 0.064385 -0.192211 -0.279629 0.420000 0.560000
-0.151701 0.152160 1.994681 0.937286 0.079734 -0.187609 -0.282737 0.420000 0.560000
-0.139160 0.172638 2.022886 0.939101 0.054330 -0.195195 -0.277554 0.420000 0.580000
-0.142819 0.155640 2.019355 0.924156 0.072848 -0.259084 -0.271116 0.440000 0.560000
-0.142465 0.161097 2.021483 0.923602 0.079566 -0.257105 -0.272993 0.420000 0.580000
-0.146438 0.169341 2.037093 0.924369 0.070092 -0.259891 -0.270342 0.440000 0.580000
-0.147681 0.154316 2.026225 0.923513 0.080596 -0.256801 -0.273279 0.440000 0.560000
-0.147471 0.157686 2.028723 0.908050 0.102195 -0.301969 -0.271692 0.420000 0.580000
-0.152591 0.155980 2.035887 0.908491 0.098195 -0.303163 -0.270359 0.440000 0.580000
-0.153316 0.143486 2.024780 0.908529 0.097840 -0.303268 -0.270241 0.440000 0.560000
-0.147400 0.138943 2.009457 0.906832 0.112487 -0.298869 -0.275099 0.420000 0.560000
-0.139038 0.144431 2.019958 0.895725 0.107159 -0.340184 -0.265457 0.420000 0.560000
-0.143817 0.141704 2.035287 0.892723 0.129819 -0.333349 -0.273991 0.420000 0.580000
-0.129927 0.157326 2.010990 0.896729 0.098410 -0.342759 -0.262124 0.420000 0.560000
-0.148231 0.141388 2.025743 0.891368 0.122258 -0.343974 -0.268696 0.440000 0.560000
-0.138036 0.155021 2.033093 0.891858 0.118634 -0.345064 -0.267296 0.420000 0.580000
-0.131898 0.156853 2.017677 0.893395 0.106439 -0.348683 -0.262557 0.420000 0.560000
-0.141566 0.144811 2.019909 0.891395 0.122059 -0.344034 -0.268620 0.420000 0.560000
-0.139549 0.136437 2.026017 0.851439 0.149395 -0.431493 -0.257967 0.440000 0.560000
-0.145409 0.135622 2.030964 0.851431 0.149440 -0.431480 -0.257989 0.440000 0.580000
-0.153730 0.125541 2.067139 0.850468 0.154823 -0.429839 -0.260714 0.460000 0.580000
-0.147261 0.124687 2.035436 0.852808 0.141372 -0.433903 -0.253892 0.460000 0.560000
-0.145901 0.136486 2.027200 0.877012 0.121360 -0.385818 -0.259359 0.440000 0.560000
-0.151335 0.136268 2.038026 0.874815 0.136296 -0.381339 -0.265900 0.440000 0.580000
-0.145212 0.135104 2.030751 0.876266 0.126631 -0.384251 -0.261675 0.440000 0.560000
-0.143451 0.152476 2.027297 0.876313 0.126304 -0.384349 -0.261531 0.440000 0.580000
-0.132950 0.153516 2.018875 0.877387 0.118618 -0.386626 -0.258152 0.420000 0.580000
-0.141471 0.150372 2.021354 0.898641 0.118937 -0.323547 -0.271323 0.420000 0.580000
-0.147292 0.138024 2.010454 0.898361 0.121034 -0.322913 -0.272077 0.420000 0.560000
-0.137289 0.164275 2.024336 0.902000 0.089985 -0.332103 -0.260780 0.440000 0.580000
-0.139567 0.149384 2.016969 0.900191 0.106571 -0.327247 -0.266849 0.420000 0.560000
-0.136016 0.161329 2.028413 0.900500 0.103924 -0.328030 -0.265886 0.420000 0.580000
-0.154185 0.146179 2.019572 0.927005 0.087273 -0.236152 -0.277989 0.440000 0.560000
-0.149009 0.157714 2.026297 0.927590 0.080812 -0.238084 -0.276337 0.420000 0.580000
-0.147114 0.150859 2.014059 0.927555 0.081217 -0.237963 -0.276441 0.420000 0.560000
-0.142363 0.155735 2.013958 0.926611 0.091353 -0.234926 -0.279026 0.420000 0.580000
-0.150659 0.163126 2.023040 0.950645 0.044292 -0.109564 -0.286892 0.420000 0.580000
-0.130348 0.176269 2.023174 0.951200 0.030122 -0.113827 -0.285228 0.420000 0.580000
-0.142433 0.156331 2.012875 0.950764 0.041663 -0.110357 -0.286588 0.420000 0.560000
-0.147846 0.149733 2.003667 0.950445 0.048409 -0.108321 -0.287364 0.420000 0.560000
-0.151121 0.157711 2.026273 0.952450 0.045862 -0.088239 -0.288009 0.420000 0.570000
-0.138790 0.172646 2.021297 0.953212 0.025534 -0.094362 -0.286061 0.420000 0.580000
-0.153171 0.167756 2.009261 0.957521 0.017252 -0.026592 -0.286614 0.420000 0.560000
-0.155938 0.167673 2.004032 0.957666 0.004524 -0.030399 -0.286236 0.440000 0.560000
-0.148327 0.180851 2.016652 0.957673 -0.002864 -0.032607 -0.285993 0.440000 0.580000
-0.165631 0.165592 2.011625 0.957672 0.002910 -0.030882 -0.286184 0.460000 0.560000
-0.168319 0.166933 2.005545 0.958035 -0.000421 0.000803 -0.286650 0.440000 0.560000
-0.172222 0.168469 1.998700 0.957805 0.020994 0.007210 -0.286560 0.440000 0.580000
-0.183687 0.160650 2.002680 0.957959 0.012088 0.004546 -0.286615 0.460000 0.560000
-0.171160 0.182248 2.019267 0.957115 -0.015164 0.024518 -0.288272 0.460000 0.580000
-0.175983 0.185725 2.017157 0.957113 -0.015275 0.024485 -0.288275 0.460000 0.580000
-0.175396 0.181928 2.012365 0.957147 -0.012976 0.025177 -0.288215 0.460000 0.580000
-0.190148 0.193655 2.008175 0.954076 -0.033377 0.073822 -0.288400 0.480000 0.580000
-0.205533 0.182148 1.994370 0.954655 -0.002971 0.082971 -0.285903 0.480000 0.580000
-0.220894 0.181407 1.992825 0.954596 -0.011009 0.080561 -0.286591 0.480000 0.580000
-0.250634 0.199815 1.984904 0.950143 -0.033425 0.123716 -0.284263 0.540000 0.580000
-0.259553 0.176569 1.954174 0.950696 -0.008180 0.131222 -0.280877 0.520000 0.560000
-0.245472 0.187531 1.962619 0.950411 -0.024640 0.126339 -0.283107 0.520000 0.560000
-0.262473 0.190110 1.983320 0.950610 -0.015140 0.129162 -0.281830 0.520000 0.580000
-0.207568 0.173892 1.991684 0.956678 0.002625 0.050682 -0.286691 0.480000 0.580000
-0.205264 0.165699 1.994910 0.956482 0.019531 0.055741 -0.285751 0.460000 0.580000
-0.179877 0.183208 2.001015 0.956547 -0.016060 0.045073 -0.287626 0.460000 0.580000
-0.167895 0.169287 2.011517 0.957355 0.008951 -0.028451 -0.287369 0.440000 0.560000
-0.155248 0.175344 2.014250 0.957385 0.004849 -0.029683 -0.287245 0.440000 0.580000
-0.164458 0.163331 2.014699 0.956087 0.020520 -0.060340 -0.286069 0.440000 0.560000
-0.151395 0.162541 2.004348 0.956121 0.018871 -0.060834 -0.285964 0.420000 0.570000
-0.159697 0.175892 2.022716 0.956107 0.019594 -0.060617 -0.286010 0.440000 0.580000
-0.149722 0.176933 2.010710 0.956213 0.013441 -0.062457 -0.285614 0.440000 0.580000
-0.180781 0.149950 1.999645 0.955088 0.048282 -0.052006 -0.287701 0.440000 0.560000
-0.153918 0.172138 2.018988 0.953166 0.031373 -0.098669 -0.284173 0.440000 0.580000
-0.158593 0.159200 2.013713 0.953192 0.030566 -0.098910 -0.284090 0.440000 0.560000
-0.167494 0.146408 2.002353 0.947553 0.060360 -0.131627 -0.284912 0.440000 0.560000
-0.147024 0.164189 2.014870 0.947996 0.052934 -0.133856 -0.283872 0.420000 0.580000
-0.150034 0.163323 2.011423 0.947763 0.056962 -0.132648 -0.284438 0.420000 0.580000
-0.145253 0.160224 2.012238 0.948303 0.047127 -0.135592 -0.283047 0.420000 0.560000
-0.154311 0.170359 1.998239 0.948613 0.040403 -0.137595 -0.282079 0.440000 0.580000
-0.143614 0.154696 2.014612 0.940005 0.057057 -0.187453 -0.279278 0.420000 0.560000
-0.137390 0.169004 2.020907 0.940969 0.037982 -0.193079 -0.275419 0.440000 0.560000
-0.145919 0.151965 2.004561 0.938494 0.078065 -0.181161 -0.283400 0.420000 0.560000
-0.155204 0.156961 2.025126 0.939141 0.069855 -0.183632 -0.281805 0.440000 0.580000
-0.156522 0.155703 2.017649 0.933055 0.084084 -0.208419 -0.280892 0.420000 0.580000
-0.141540 0.167477 2.022784 0.934629 0.064261 -0.214333 -0.276406 0.420000 0.580000
-0.146744 0.164737 2.027177 0.935004 0.058551 -0.216018 -0.275091 0.440000 0.580000
-0.138836 0.168660 2.029020 0.922621 0.071540 -0.265698 -0.270292 0.440000 0.580000
-0.149966 0.149699 2.020892 0.919656 0.102861 -0.256356 -0.279168 0.420000 0.580000
-0.139982 0.159819 2.021720 0.910042 0.097747 -0.299442 -0.269451 0.420000 0.580000
-0.146869 0.151185 2.030884 0.907827 0.116533 -0.293810 -0.275582 0.420000 0.580000
-0.140921 0.157703 2.022055 0.911050 0.087856 -0.302351 -0.266183 0.440000 0.560000
-0.141155 0.163157 2.024962 0.910830 0.090106 -0.301693 -0.266929 0.420000 0.580000
-0.147220 0.144980 2.019617 0.909286 0.104544 -0.297421 -0.271681 0.440000 0.560000
-0.154145 0.152302 2.054480 0.897009 0.119183 -0.328599 -0.270540 0.440000 0.580000
-0.139938 0.153422 2.027838 0.900045 0.093540 -0.336185 -0.261055 0.440000 0.560000
-0.147221 0.148753 2.027654 0.898214 0.109734 -0.331429 -0.267066 0.440000 0.580000
-0.153864 0.132550 2.021311 0.897279 0.117133 -0.329217 -0.269789 0.440000 0.560000
-0.142700 0.157784 2.033644 0.897599 0.114659 -0.329959 -0.268881 0.420000 0.580000
-0.131475 0.163635 2.029449 0.886168 0.094891 -0.377379 -0.251569 0.440000 0.560000
-0.151438 0.135600 2.034186 0.881744 0.129717 -0.367178 -0.266236 0.440000 0.560000
-0.148531 0.145950 2.031647 0.882850 0.121962 -0.369504 -0.262998 0.440000 0.580000
-0.134353 0.151584 2.010024 0.884680 0.107885 -0.373646 -0.257079 0.420000 0.560000
-0.139858 0.140600 2.021178 0.876257 0.131407 -0.381015 -0.264071 0.420000 0.560000
-0.136889 0.146936 2.016472 0.878100 0.118468 -0.384869 -0.258422 0.420000 0.560000
-0.140150 0.149624 2.020480 0.875637 0.135475 -0.379785 -0.265838 0.420000 0.580000
-0.134678 0.151178 2.020684 0.882544 0.109035 -0.378246 -0.257211 0.440000 0.560000
-0.136906 0.152258 2.021865 0.882943 0.105753 -0.379200 -0.255803 0.440000 0.560000
-0.137714 0.144254 2.032306 0.881733 0.115412 -0.376377 -0.259938 0.440000 0.560000
-0.139300 0.139031 2.018383 0.880764 0.122588 -0.374248 -0.262995 0.420000 0.560000
-0.148656 0.150094 2.023940 0.905028 0.118233 -0.301033 -0.276269 0.420000 0.580000
-0.138733 0.161427 2.022424 0.907234 0.099900 -0.306561 -0.270122 0.420000 0.580000
-0.161788 0.147235 2.027736 0.927947 0.100210 -0.220476 -0.283307 0.420000 0.580000
-0.160216 0.152508 2.027283 0.929382 0.085887 -0.224819 -0.279873 0.440000 0.580000
-0.149445 0.159060 2.026787 0.930956 0.066694 -0.230545 -0.275176 0.440000 0.580000
-0.138480 0.164419 2.016097 0.930850 0.068159 -0.230112 -0.275538 0.420000 0.580000
-0.138503 0.163225 2.012867 0.943376 0.044212 -0.173529 -0.279241 0.420000 0.560000
-0.153624 0.165713 2.014533 0.941977 0.067766 -0.166498 -0.283489 0.420000 0.580000
-0.165551 0.151561 2.011401 0.940659 0.084095 -0.161556 -0.286335 0.420000 0.580000
-0.170500 0.159217 2.009456 0.950919 0.050301 -0.105332 -0.286579 0.440000 0.580000
-0.162040 0.171624 1.999228 0.951345 0.041484 -0.107985 -0.285590 0.440000 0.580000
-0.167671 0.151952 2.004136 0.950508 0.057542 -0.103147 -0.287373 0.440000 0.560000
-0.152960 0.173141 2.019877 0.956720 0.018325 -0.047317 -0.286552 0.420000 0.580000
-0.173017 0.163964 2.008966 0.956375 0.031558 -0.043349 -0.287179 0.440000 0.580000
-0.166823 0.163711 2.009418 0.956379 0.031424 -0.043389 -0.287173 0.440000 0.580000
-0.190374 0.154581 1.986660 0.955542 0.050886 -0.037534 -0.287997 0.440000 0.580000
-0.201550 0.162374 1.997924 0.956338 0.012754 0.055468 -0.286667 0.460000 0.570000
-0.180124 0.174583 2.000249 0.956407 0.005544 0.053306 -0.287077 0.440000 0.580000
-0.190508 0.183090 2.004466 0.956277 -0.016745 0.046602 -0.288241 0.480000 0.580000
